StoreID ProductID Quantity 
------- --------- -------- 
1       39        384      
2       148       390      
2       164       245      
2       153       612      
2       178       331      
2       147       812      
2       16        172      
2       105       782      
2       20        845      
2       38        925      
2       173       109      
2       58        164      
2       149       982      
2       14        423      
2       46        699      
2       167       500      
2       135       656      
2       4         41       
2       62        14       
2       34        296      
2       95        326      
2       24        471      
2       131       403      
2       51        915      
2       164       724      
2       160       115      
2       154       893      
2       179       212      
2       17        702      
2       38        572      
2       160       475      
2       161       74       
2       12        141      
2       179       246      
2       72        264      
2       65        46       
2       32        516      
2       94        974      
2       148       458      
3       27        645      
3       58        165      
3       50        112      
3       72        190      
3       167       902      
3       56        524      
3       158       82       
3       180       895      
3       171       119      
3       148       578      
3       10        989      
3       51        539      
3       16        814      
3       152       583      
3       139       563      
3       35        141      
3       176       391      
3       27        658      
3       154       314      
3       66        318      
3       54        72       
3       45        205      
3       163       529      
3       161       227      
3       148       262      
3       98        227      
3       65        424      
3       78        121      
3       10        610      
3       149       536      
3       35        551      
3       126       966      
3       24        688      
3       23        513      
3       153       345      
3       123       974      
3       147       389      
3       176       583      
3       128       503      
3       104       673      
3       44        849      
3       66        774      
3       98        762      
3       6         119      
3       93        969      
3       101       805      
4       27        505      
4       171       200      
4       175       337      
4       89        934      
4       118       554      
4       145       509      
4       72        716      
4       8         400      
4       125       452      
4       164       163      
4       94        48       
4       108       680      
4       19        509      
4       63        65       
4       49        329      
4       67        904      
4       80        894      
4       21        539      
4       123       584      
4       116       766      
4       46        116      
4       28        966      
4       91        630      
4       156       929      
4       132       265      
4       21        37       
4       141       233      
5       105       469      
5       180       547      
5       79        514      
5       63        815      
5       104       156      
5       7         716      
5       34        908      
5       8         841      
5       61        448      
5       25        222      
5       47        364      
5       67        597      
5       139       920      
5       49        63       
5       171       94       
5       62        156      
5       67        459      
5       169       568      
5       138       141      
5       7         940      
5       112       988      
5       116       590      
5       46        892      
5       98        437      
5       180       653      
5       25        875      
5       173       743      
6       160       320      
6       44        374      
6       88        723      
6       37        526      
6       138       413      
6       137       437      
6       172       351      
6       35        853      
6       120       710      
6       107       296      
6       111       826      
6       51        300      
6       85        907      
7       97        113      
7       141       779      
7       51        459      
7       82        731      
7       162       616      
7       22        618      
7       162       234      
7       10        678      
7       15        768      
7       117       387      
7       153       398      
7       121       644      
7       126       364      
7       138       969      
7       163       350      
7       70        315      
8       52        144      
8       111       825      
8       77        232      
8       71        156      
8       106       194      
8       56        84       
8       143       14       
8       97        236      
8       63        452      
8       123       358      
8       60        973      
8       86        197      
8       37        865      
8       79        312      
8       130       990      
8       92        114      
8       89        360      
8       171       680      
8       68        451      
8       67        134      
8       41        98       
8       18        109      
8       102       131      
8       158       297      
8       37        622      
8       175       953      
9       160       352      
9       110       104      
9       45        415      
9       90        881      
9       103       845      
9       89        36       
9       151       77       
9       118       967      
9       121       231      
9       70        400      
9       151       786      
9       1         740      
9       63        767      
9       139       591      
9       37        980      
9       23        541      
9       155       1        
9       121       123      
9       37        205      
9       119       397      
9       63        289      
9       28        524      
9       100       907      
9       67        548      
9       135       724      
9       144       518      
10      43        531      
10      35        721      
10      169       848      
10      144       756      
10      160       676      
10      111       189      
10      17        703      
10      94        698      
10      155       189      
10      110       705      
10      143       156      
10      104       194      
10      116       47       
10      131       402      
11      86        184      
11      152       693      
11      169       587      
11      138       845      
11      48        752      
11      166       4        
11      32        129      
12      23        524      
12      125       193      
12      50        22       
12      29        343      
12      101       184      
12      145       569      
12      25        836      
12      103       758      
12      176       598      
12      51        289      
12      40        221      
12      135       666      
12      109       535      
12      126       393      
12      29        578      
12      111       289      
12      118       945      
12      118       287      
12      113       21       
12      142       495      
12      100       619      
12      134       405      
12      171       447      
12      22        536      
12      125       875      
12      75        209      
12      41        119      
12      100       238      
12      66        144      
12      88        188      
12      165       488      
12      157       841      
12      153       687      
12      157       22       
12      158       737      
12      44        213      
12      42        55       
12      45        886      
12      33        798      
12      138       471      
12      154       308      
12      148       936      
13      160       400      
13      144       138      
13      5         480      
13      7         399      
13      82        37       
13      21        848      
13      7         226      
13      8         297      
13      59        633      
13      158       263      
13      60        116      
13      10        799      
13      155       45       
13      16        301      
13      171       578      
13      35        366      
13      121       518      
13      23        102      
13      101       53       
13      76        356      
13      13        632      
13      123       341      
13      93        534      
13      171       516      
13      69        296      
13      52        137      
13      111       305      